NUM_ENCODEC_TARGETS=8
NUM_TOTAL_TARGETS=8
tasks.models.EncodecMAE:
    quantizer_weights=[0.22407463, 0.1759858 , 0.14499009, 0.12150037, 0.10315603, 0.08831368, 0.07608274, 0.06589669, 1.0]